((("clone" .
   [1 0 0 0 0])
  ("replaceWith" .
   [1 0 0 0 0 0 0 0 0 0 0])
  ("block" .
   [1 0 0 0 0])
  ("display" .
   [1 0 0 0 0 0 0])
  ("proxy" .
   [1 0 0 0 0])
  ("circularize" .
   [0 0 0 0 0 0 1 0 0 0 0])
  ("c" .
   [1])
  ("circleText" .
   [2 0 0 0 0 0 0 0 0 0])
  ("10" .
   [1 0])
  ("var" .
   [3 0 0])
  ("substr" .
   [1 0 0 0 0 0])
  ("val" .
   [5 0 0])
  ("20px" .
   [1 0 0 0])
  ("margin" .
   [1 0 0 0 0 0])
  ("width" .
   [0 0 1 0 0])
  ("text-align" .
   [0 0 0 0 1 0 0 0 0 0])
  ("font-size" .
   [0 0 0 1 0 1 0 0 0])
  ("color" .
   [0 0 0 1 0])
  ("find" .
   [1 0 0 0])
  ("remove" .
   [1 0 0 0 0 0])
  ("if" .
   [4 0])
  ("loading" .
   [5 0 0 0 0 0 0])
  ("html" .
   [3 0 0 0])
  ("message" .
   [3 0 0 0 0 0 0])
  ("length" .
   [3 0 0 0 0 0])
  ("this" .
   [6 0 0 0])
  ("hasClass" .
   [1 0 0 0 0 0 0 0])
  ("el" .
   [1 0])
  ("first" .
   [1 0 0 0 0])
  ("trigger" .
   [1 0 0 0 0 0 0])
  ("success" .
   [1 0 0 0 0 0 0])
  ("function" .
   [1 0 0 0 0 0 0 0])
  ("from" .
   [3 0 0 0])
  ("data" .
   [3 0 0 0])
  ("to" .
   [3 0])
  ("slide" .
   [1 0 0 0 0])
  ("ret" .
   [1 0 0])
  ("alert" .
   [1 0 0 0 0])
  ("dodo" .
   [1 0 0 0])
  ("true" .
   [1 0 0 0])))
